1000000
2 223950892
2 106122423
1 439543955 787097906
1 291416140 293039344
1 22527444 495787482
2 495334072
1 460684929 547659751
2 85661367
2 780195241
2 890475861
1 153903960 349088542
2 191973815
2 279196218
1 316468887 412216549
1 89333273 531422462
1 364463974 457044439
1 197005945 214892257
1 174577523 581318999
1 346025070 722358785
2 481128176
2 150239365
1 444283417 451101371
1 114665551 336995474
1 413737683 624420654
1 458322048 477811079
2 215401876
1 422475334 762795519
1 457978015 563128275
2 892571791
1 226615987 702837906
1 459600858 708444636
1 50966653 102368960
2 729750011
2 407058791
1 102266862 395877109
2 988437053
2 256596886
2 933068305
1 355889421 666650279
2 569604420
2 237536875
2 547348192
1 10373566 243400228
1 96786926 400508363
1 414867129 586250834
2 494528794
1 41050009 135833448
2 993443205
1 304085155 724903113
2 929958822
1 169692514 607262740
2 577155628
2 908293336
2 907994685
1 311593364 670358729
2 461380462
1 481479123 532075304
1 126811685 541792181
1 166245556 591566887
2 266576858
2 703777534
2 339538649
2 627459254
2 918211997
1 6196514 223332407
1 399370943 768085441
2 769378372
1 252596790 745104223
1 147236351 506341877
2 188445777
2 114784081
2 970561120
1 258845502 670040118
1 67953283 174851716
1 355894864 753662116
2 618897927
2 495750023
2 427826940
2 131962944
1 151605897 166566431
2 443594317
2 602207853
2 951604165
1 472751057 477283535
2 618286728
1 75433847 209660404
1 26050476 330111897
2 954346074
1 51793320 359623554
2 494895528
1 220542125 427716005
1 310132249 653246201
2 796266693
1 156091981 270456226
1 21356940 307566559
2 831690243
2 422230077
1 56344000 405198967
1 476201747 560931509
1 142875626 612879214
2 348658948
2 48153863
1 145458371 506037375
1 185065370 214295877
1 89295430 517143707
2 656178640
1 41219718 196831126
1 313803170 330850962
1 57254500 418506456
1 245238217 439541976
2 963462159
2 762581411
1 248517668 279298257
2 548095010
1 419765231 742445160
1 341712754 369624731
1 499492899 853670813
1 495033527 792215418
2 704294883
1 488394336 519537624
2 206749929
2 851370441
1 89414814 587333296
2 520940381
1 8761437 416547551
2 770720305
2 908491420
2 472863774
1 86272043 155582396
2 889978693
2 307438896
1 91215700 425145224
1 368314191 760360993
2 424754341
2 514477964
2 533105889
1 382709045 806960003
1 107760480 163847443
2 268752319
2 932716452
2 862012740
2 554510104
2 102653777
1 185480622 336291908
1 34476179 321378243
2 339200966
2 633046471
2 198571529
1 211349048 662348927
2 219710617
2 430201143
2 396770485
2 180432022
1 213078482 712260185
1 272284917 651135653
2 536669211
2 245439666
2 396879097
1 434976908 662816331
2 287941080
2 562559653
2 145851058
2 263596251
1 226396582 698588471
1 117160911 173282606
1 315441950 753901020
2 682553037
2 98694810
2 322666057
2 657406688
1 151609518 533506494
2 680694255
1 112211839 255188814
1 223795687 410094092
1 496324454 586730629
1 445824664 555066245
1 4431845 164844599
1 325587602 502478933
1 484356313 488099945
2 794942883
1 363448652 611652333
1 343271020 826977078
1 418098849 632347476
1 4996078 369797673
2 787436889
1 217142211 399056516
1 459009037 839938126
2 371338857
1 179266897 648168173
1 442282570 545092675
2 514831254
2 435440579
2 980961462
2 725380458
2 805207178
2 932209572
2 279476865
2 559481004
2 965868752
1 56362855 171037989
1 176315036 371477388
1 449823860 680184231
1 325191729 450371964
1 352684218 774166537
2 805895133
2 762752159
1 435146830 605300109
2 27747742
1 244844216 289234374
1 357912663 430837791
1 462986310 923086839
2 600559651
2 885924773
2 268232236
2 908568716
1 137185386 597961538
2 393784603
1 34086568 89298034
1 120922769 544858217
2 922169690
1 253367037 525105909
2 260526091
2 283650394
2 586981795
2 171235856
2 476477217
2 878352124
2 519100982
1 176512305 452392369
2 201806999
1 283711033 444625287
1 382398161 596649570
2 704920726
1 316528066 740688852
1 475424373 822825105
1 152911445 634035457
2 92281353
1 458311245 631991396
1 284704781 693089596
2 4550910
1 211365552 467681891
2 215924768
2 157206948
2 504726296
2 389388047
1 60457855 362676114
2 193233143
2 78333610
1 191555903 461240887
2 208512868
2 270827816
2 335439793
1 341470639 667148923
1 311661087 670311801
1 327323842 716068644
1 470899185 554356489
2 348604503
1 48789016 337588084
2 221549289
1 314813325 542991136
1 417717356 499371710
2 438195622
2 356964025
2 932014920
1 404937408 868736755
1 150020559 580801128
2 998201067
2 230470051
2 674984508
1 450043203 772738616
1 63271566 341497503
2 193562368
2 38303671
1 246278139 591227764
1 277536429 391712103
2 303302394
2 780215588
1 284220656 410544526
2 440792916
2 686782652
1 218254519 649730209
1 306103887 409256651
1 54830532 187979421
1 208782681 499210016
2 935970331
2 88635685
1 186591894 345531023
2 913719259
2 118852941
1 70242994 328274022
1 406111361 435584765
2 193292709
1 125677324 430376722
2 403154525
2 54074945
1 250534632 516879483
2 53962000
1 352995115 435169730
2 494980422
2 749317594
2 578033261
2 66023072
1 426470563 543883059
2 687858689
1 19214824 333224531
1 96224056 474068620
1 359184285 446502471
1 292446330 415774195
2 864663434
1 295484388 688886028
1 486295046 977923645
2 597777689
2 766307841
1 10617890 417022713
2 81196004
2 364631748
1 343969322 797367100
1 16761971 209064965
2 45108230
2 978331715
2 493928786
1 401958282 473583591
2 207505402
2 283315174
2 826464967
1 266075091 290969054
2 571893433
2 58995103
2 928217325
2 213040645
2 829853784
1 206015671 530138919
2 458977738
1 80408994 531494862
2 430062182
2 546969246
2 481202492
1 174954423 252739884
1 279358334 419380974
1 31200459 223097947
1 18388889 511072034
2 59357954
2 429846836
1 414273217 590830867
1 188515833 295217907
1 157798199 468759213
1 235251844 327430297
2 538590140
1 488100367 658372708
1 314358311 672687231
1 479808919 949222401
2 926347402
1 40877696 217319472
1 411128013 600749927
1 343615147 477498089
1 338338488 432819794
1 163906183 546596150
1 193493404 356275240
1 423598793 836272873
2 419776806
1 484105769 682703847
1 208877501 248444875
2 806799022
2 320137718
2 66157310
1 287968264 407771049
1 255304326 679423908
2 902545524
1 32674111 297513613
2 74362352
1 244351884 696087805
2 473499821
1 170132787 627770448
1 394104294 452854586
1 365949848 540940685
2 189648379
2 838663427
2 620611875
1 352372100 663308251
2 248022512
1 233743393 711106964
1 330944083 435697479
1 351179123 509566005
1 396636353 533181805
2 124129544
1 414291002 776102199
2 507404305
2 796786552
1 224651404 560147427
2 997525586
1 136644365 401191822
2 550862467
1 134096185 150387134
1 243336258 332375988
2 250299805
1 198395449 566195213
2 692057915
2 985685292
2 660622927
2 789495542
1 329437784 412774566
2 23890814
2 136450234
1 2255974 229185410
1 498434328 826260524
1 253790738 265252399
1 166010522 183698203
1 468951291 781569797
2 116503139
2 80329735
2 186830183
1 68985772 273965294
2 259132703
2 572193117
2 314039392
1 176183954 201916398
2 507211478
1 16090507 140083344
2 453641894
2 696210264
2 812545198
2 380110747
1 229028285 280292899
2 123929150
1 253384414 563263121
1 67596041 323252129
1 31672612 231859871
2 713665531
1 328073595 344967877
2 535829398
1 328451798 740947128
2 919033034
2 617742596
1 39084636 496181787
2 167498340
2 757382051
2 549074368
1 480869850 548033322
2 27274998
1 435047180 453126769
2 453384829
2 901289957
2 860869856
2 878191676
2 978814248
1 292951972 409675408
2 64313089
1 4401438 36483133
1 120338346 320198600
2 258685039
1 444937166 832308004
2 474043583
1 404619817 692750180
1 227109496 595246317
1 333748101 452761255
1 469958368 563895943
1 320532261 815913428
1 290261069 557104816
2 173695308
1 277748150 369174594
1 279787043 288212118
2 624461955
1 297630291 490998895
1 111924318 598275779
2 292495633
2 784734521
2 299448684
2 450785999
2 762656092
2 166906179
1 332739334 625118480
2 168304689
2 70179202
1 157870937 291113700
1 1384370 237376809
2 498520194
2 480674004
1 118283379 612501684
1 110879351 563006374
1 271310503 460812339
2 356494159
2 123611674
2 554417846
1 112646946 186861740
1 345605374 570599379
2 905573448
2 519791474
2 47073899
2 426007034
2 57586782
2 287225590
2 865160879
2 203160302
2 753084454
2 844985368
2 269659706
2 844221541
1 60615733 357109146
1 269249588 626019613
2 866323162
2 280881629
1 321493581 741625103
1 478135784 901188589
2 608339668
2 79231055
2 164181489
2 840845551
1 243070777 662660405
2 433123072
1 480457755 795192463
1 299629491 767091521
2 723533152
1 249783454 263462717
2 95134585
1 154722685 300301692
1 121947253 511373100
1 86976909 390650806
1 10714824 10898021
1 390676088 653179050
2 566882505
2 853821637
1 13332747 335805088
1 239709403 400761853
2 960614545
2 181774868
2 327095196
2 233299799
1 72236084 529872225
2 946675533
2 582248328
2 786714563
1 146561124 378110753
2 849147136
1 434262374 838829512
2 636362494
1 47971918 188060577
2 344461733
2 632257517
1 177513036 241469982
1 443636878 615805823
2 880392108
1 384430224 756937897
2 655888676
2 6638866
1 133685510 332869539
2 302835308
1 49070168 310684120
1 346284885 508344771
1 107155641 118756065
1 56364992 223025639
2 495785167
1 399269414 627133924
2 144434578
2 281769690
1 98209434 455975896
1 100791613 534853387
1 102263262 396671745
2 391912303
1 95472082 269068468
1 32879385 505427177
2 10425212
1 287614023 347545116
1 475527927 676188624
2 716333143
2 413057424
2 935890490
1 420338348 497660815
2 132459809
2 418130926
1 221735480 596395323
2 71503565
1 148560358 581832076
2 591753312
1 435895271 771117388
2 473164844
1 268179196 295947917
2 654964831
1 470610574 541638174
2 679179062
2 952807009
2 162945278
1 204666388 572242249
2 631531545
2 714317398
2 26298044
2 858723321
1 39564393 223227033
1 369297326 449471661
1 191722058 477723255
1 457529777 558461457
2 681088732
1 284289930 634950843
1 358823506 427455899
2 181527272
1 457278371 671021961
1 485918150 493336157
2 379461520
2 840956283
1 186344397 491892508
1 428534001 779783915
1 69736655 383855023
2 519674516
1 169891433 218036482
2 580743775
2 380603544
1 181072872 190999094
2 867764304
1 310911871 432108980
1 112734155 512892705
2 731846998
2 29694162
2 833520870
2 571685160
2 843491361
1 207678603 220722819
2 628077515
2 652128963
2 75169510
2 114040853
2 653026709
1 180496271 545483097
2 474682699
1 248937153 713712251
1 156199629 593884489
2 435821854
1 310611866 598584947
1 201626067 568783265
1 313744576 797865128
1 464107666 536526573
1 354252667 644756449
1 9234641 76350470
2 819813387
1 447576210 710760332
1 335870507 473785604
2 845089463
2 690349532
2 13187314
1 52023012 437117667
1 309826085 402075717
1 389750725 638016899
2 545616656
1 113488018 399711703
2 828174206
1 473956893 485936854
1 120024302 145515621
2 425949592
1 387538074 576058962
1 381528083 844707628
2 560582532
1 60042376 228145496
1 241284958 693532984
2 293920555
1 58231419 118800077
2 78313564
2 796428643
2 329342675
1 309125283 504321989
1 21127341 481738236
2 551818111
2 562563504
2 828942318
2 19678586
1 267700813 583066693
2 52221622
1 258128819 435834269
2 602495718
2 372693794
2 799400294
2 885773394
2 332842662
2 465221113
1 215214997 436293119
1 336121009 647775745
2 408961917
1 54247110 329753358
1 109786385 326670910
1 152601485 381791675
2 249528828
1 454928857 660170646
2 986864879
2 950621223
1 420878515 719422562
2 595048724
1 317207085 737776514
1 52762466 262413989
2 913640094
2 704200260
1 240711613 413805478
1 449183184 868246347
2 329010869
1 444067709 475107936
2 767194580
2 760493135
2 583057324
1 401050095 457981646
1 287093309 595265509
1 308831370 598991427
2 712973565
1 69735653 541108348
1 151736557 618724383
1 365347646 539837093
1 374536335 421502739
2 966273180
1 30699710 250456834
1 496143268 612450084
2 362808037
2 997777066
2 22361779
1 155601838 535995230
2 325749239
1 184372914 631638473
2 891397021
1 376799215 677623311
1 31454564 233827203
1 265953859 667239805
1 294698669 333574293
2 915274138
1 373891643 695260631
2 910942432
1 22779757 232792838
1 392116081 688273246
1 57182243 525815912
2 731629680
1 182560873 638411048
1 448642263 835751505
2 677364317
1 413151491 608758026
1 130740996 340574224
2 401598822
2 293917908
2 766611471
2 335043685
2 122391391
2 817846289
1 51457582 545993466
2 839436871
2 814740459
2 560983990
1 316745645 593869068
1 272160733 452570527
2 145633137
2 811472811
1 418286657 878700427
1 322139582 784948757
1 240383605 532460579
2 399467838
2 978567352
1 382105344 434717433
1 196295344 519986360
2 184697755
1 111742637 580382271
1 1698859 227281921
1 412418916 495973790
2 262904078
2 578809134
1 485123689 493144312
1 412953570 906916690
2 12075191
2 701646728
2 864882529
2 194625171
2 891039016
1 280558135 746527332
2 126279379
2 793406756
2 287055011
1 459859042 642724865
1 338593127 762489668
2 675529534
1 469227456 615482356
1 460607947 516512755
2 322023893
1 282829858 672255676
2 50880082
2 725971219
2 872629435
1 427484213 854056224
2 678869155
1 24895601 77586325
2 805125420
1 381978736 658713444
1 175440994 250838293
1 229878526 668575886
2 366921645
2 941869473
1 392654987 890626946
2 264747704
2 612646588
2 8345712
1 31329000 245566060
1 488970762 963155666
2 472529203
1 148590947 626495825
2 282169001
1 321987525 745281584
1 274554461 660509470
1 218831840 566550607
2 713351190
1 189164956 585123838
1 177322405 223007909
1 248819135 658763109
2 249837272
2 743612047
2 630484383
2 353758504
1 300519660 523903345
1 382775708 722669288
2 214706873
1 258800227 607156267
1 306186494 524543765
1 130165755 453807856
1 138116570 304218769
1 147000980 419055469
2 448475703
1 462278272 566649933
2 472631074
2 953728919
2 397908689
2 971037825
2 954882602
1 129754015 368377818
1 472961078 877392976
2 105927080
1 464011591 765467666
1 179649999 350828848
2 581609267
2 416136315
2 639531559
2 310486463
2 370082699
1 311278721 772008042
1 448176028 482262086
1 32475284 180044879
1 123612693 565676328
1 338613789 535911522
2 225339074
1 296938201 520192982
2 626259541
1 433085439 604957884
2 595344408
2 672229480
1 323073076 617803209
1 469973526 731868753
1 451359513 894403489
1 341172099 620242386
1 433071457 897097202
2 45860872
1 150723839 446051882
2 237123397
1 164937610 239257763
2 678074072
1 433069475 655652274
2 559974368
2 348507827
2 369187593
1 388816814 528985916
1 95073132 443325193
2 802271756
2 821745757
2 650819784
1 397592412 603851926
1 388626327 582431347
1 195122839 599982863
2 559428707
2 397201496
1 220765909 687700295
1 441815555 551775629
1 100559004 337420364
1 460444650 650897003
1 63537718 181654194
1 271823633 483853268
1 161829530 431708443
2 827974291
1 179015084 513619719
2 907122524
1 333303150 357304647
2 409313885
2 192751246
2 952909851
2 955439106
1 157071258 180056325
1 40515858 99570997
2 303011626
2 310555185
2 594825769
1 327010608 603037493
2 753640808
1 338046696 437990804
2 116453433
2 561783696
2 870363117
1 37913336 60430181
2 695297293
2 851748663
2 716719778
1 486110233 906251936
1 410742022 577139521
1 39154467 209138819
2 841831235
1 459507711 848940332
1 242233751 490115518
1 55215920 365445290
2 25089010
1 246999420 352258353
1 21965620 277372492
2 449357921
2 596331843
1 441051534 893723717
2 378016883
1 266526341 636557985
2 976143843
2 850318350
2 821650285
2 551991191
1 227377617 276097218
2 50407746
2 659009142
2 910317149
2 453313441
2 717664291
1 315872824 444632366
2 121164529
2 191826723
2 730659182
1 318507752 543453596
1 183881254 236232034
1 32085608 41287613
2 388121203
1 210978856 572138979
2 772971347
1 187198138 298517088
1 24541670 469541309
2 905542713
1 153283737 360314501
1 69248163 273930871
2 26794758
2 53186843
2 685403845
2 986362372
1 302708115 642984435
1 445638041 883258112
1 240538096 243461522
2 592198152
2 226666069
2 148345997
1 351687199 761567514
2 329625171
2 14513163
1 38822792 476639385
1 411058456 737606248
2 876449649
1 423701718 853635819
2 455961686
2 557835252
1 70688565 343471409
1 7488932 328259371
2 581211820
1 190889197 415844038
2 785646118
2 88991574
1 118130807 499462451
2 503936801
2 571759053
2 857626667
1 267257092 709952208
1 199040055 205953833
1 175310107 508035549
2 243085351
2 10626487
2 270988323
1 139727747 143280758
2 991309329
2 860687997
2 62845987
1 278878181 666294016
2 78711415
2 767417514
1 251153935 254437104
2 181924350
2 238896090
2 59879397
1 253950173 421703146
1 238147517 587356579
2 912326968
1 236289726 431882601
1 339254845 465555693
2 96680577
2 618999442
2 240398597
1 117783609 164010445
2 966543297
2 11115
2 943039786
2 937141296
1 237214354 599210677
2 621858163
2 458497535
1 267650799 691565046
1 108407162 452848880
